26 925 61308.00 P  0.180460 0.000614  0.326969 0.000413  P-0.0148079 0.0001080                 P     0.128    0.128     0.197    0.160                                                     
26 926 61309.00 P  0.179488 0.000912  0.326799 0.000680  P-0.0163077 0.0002041                 P     0.124    0.128     0.198    0.160                                                     
26 927 61310.00 P  0.178436 0.001149  0.326610 0.000911  P-0.0178616 0.0003028                 P     0.121    0.128     0.199    0.160                                                     
26 928 61311.00 P  0.177399 0.001353  0.326401 0.001120  P-0.0193296 0.0004021                 P     0.117    0.128     0.201    0.160                                                     
26 929 61312.00 P  0.176351 0.001537  0.326190 0.001316  P-0.0205929 0.0005017                 P     0.114    0.128     0.203    0.160                                                     
26 930 61313.00 P  0.175258 0.001705  0.325939 0.001500  P-0.0215828 0.0006014                 P     0.111    0.128     0.207    0.160                                                     
2610 1 61314.00 P  0.174173 0.001862  0.325675 0.001676  P-0.0222951 0.0007012                 P     0.109    0.128     0.212    0.160                                                     
2610 2 61315.00 P  0.173111 0.002009  0.325423 0.001846  P-0.0228101 0.0007500                 P     0.108    0.128     0.218    0.160                                                     
2610 3 61316.00 P  0.172065 0.002148  0.325167 0.002009  P-0.0232661 0.0005500                 P     0.108    0.128     0.225    0.160                                                     
2610 4 61317.00 P  0.171013 0.002281  0.324922 0.002167  P-0.0238315 0.0007548                 P     0.109    0.128     0.233    0.160                                                     
2610 5 61318.00 P  0.169951 0.002409  0.324689 0.002321  P-0.0246392 0.0009344                 P     0.113    0.128     0.242    0.160                                                     
2610 6 61319.00 P  0.168898 0.002531  0.324475 0.002471  P-0.0257520 0.0010994                 P     0.118    0.128     0.251    0.160                                                     
2610 7 61320.00 P  0.167846 0.002649  0.324276 0.002618  P-0.0271641 0.0012543                 P     0.124    0.128     0.260    0.160                                                     
2610 8 61321.00 P  0.166789 0.002764  0.324085 0.002761  P-0.0288307 0.0014016                 P     0.133    0.128     0.268    0.160                                                     
2610 9 61322.00 P  0.165724 0.002875  0.323905 0.002902  P-0.0306324 0.0015429                 P     0.142    0.128     0.276    0.160                                                     
261010 61323.00 P  0.164657 0.002982  0.323732 0.003040  P-0.0324192 0.0016792                 P     0.153    0.128     0.283    0.160                                                     
261011 61324.00 P  0.163588 0.003087  0.323569 0.003176  P-0.0340860 0.0018113                 P     0.164    0.128     0.288    0.160                                                     
261012 61325.00 P  0.162509 0.003189  0.323414 0.003309  P-0.0355419 0.0019399                 P     0.176    0.128     0.292    0.160                                                     
261013 61326.00 P  0.161425 0.003289  0.323268 0.003440  P-0.0367443 0.0020652                 P     0.188    0.128     0.294    0.160                                                     
261014 61327.00 P  0.160338 0.003387  0.323137 0.003570  P-0.0377194 0.0021877                 P     0.199    0.128     0.295    0.160                                                     
261015 61328.00 P  0.159248 0.003482  0.323017 0.003697  P-0.0385166 0.0023077                 P     0.210    0.128     0.294    0.160                                                     
261016 61329.00 P  0.158152 0.003576  0.322910 0.003823  P-0.0391945 0.0024255                 P     0.219    0.128     0.291    0.160                                                     
261017 61330.00 P  0.157051 0.003668  0.322816 0.003948  P-0.0398381 0.0025411                 P     0.227    0.128     0.287    0.160                                                     
261018 61331.00 P  0.155946 0.003758  0.322737 0.004071  P-0.0405303 0.0026548                 P     0.234    0.128     0.282    0.160                                                     
261019 61332.00 P  0.154837 0.003846  0.322671 0.004192  P-0.0413406 0.0027668                 P     0.239    0.128     0.276    0.160                                                     
261020 61333.00 P  0.153724 0.003933  0.322619 0.004312  P-0.0423360 0.0028772                 P     0.243    0.128     0.270    0.160                                                     
261021 61334.00 P  0.152606 0.004019  0.322582 0.004431  P-0.0435570 0.0029860                 P     0.244    0.128     0.263    0.160                                                     
261022 61335.00 P  0.151484 0.004103  0.322558 0.004548  P-0.0450153 0.0030934                 P     0.245    0.128     0.257    0.160                                                     
261023 61336.00 P  0.150358 0.004186  0.322548 0.004665  P-0.0466829 0.0031995                 P     0.244    0.128     0.251    0.160                                                     
261024 61337.00 P  0.149228 0.004267  0.322554 0.004780  P-0.0484841 0.0033043                 P     0.242    0.128     0.246    0.160                                                     
261025 61338.00 P  0.148094 0.004348  0.322574 0.004894  P-0.0503069 0.0034080                 P     0.239    0.128     0.242    0.160                                                     
261026 61339.00 P  0.146957 0.004427  0.322609 0.005007  P-0.0520293 0.0035105                 P     0.237    0.128     0.240    0.160                                                     
261027 61340.00 P  0.145816 0.004506  0.322660 0.005120  P-0.0535469 0.0036120                 P     0.234    0.128     0.239    0.160                                                     
261028 61341.00 P  0.144672 0.004583  0.322726 0.005231  P-0.0548037 0.0037124                 P     0.231    0.128     0.239    0.160                                                     
261029 61342.00 P  0.143525 0.004659  0.322808 0.005341  P-0.0558222 0.0038119                 P     0.230    0.128     0.241    0.160                                                     
261030 61343.00 P  0.142376 0.004735  0.322906 0.005451  P-0.0567092 0.0039105                 P     0.229    0.128     0.244    0.160                                                     
261031 61344.00 P  0.141225 0.004809  0.323019 0.005559  P-0.0576068 0.0040082                 P     0.230    0.128     0.248    0.160                                                     
2611 1 61345.00 P  0.140071 0.004883  0.323149 0.005667  P-0.0586410 0.0041051                 P     0.233    0.128     0.253    0.160                                                     
2611 2 61346.00 P  0.138916 0.004956  0.323295 0.005774  P-0.0598891 0.0042012                 P     0.237    0.128     0.259    0.160                                                     
2611 3 61347.00 P  0.137759 0.005028  0.323457 0.005880  P-0.0613639 0.0042965                 P     0.242    0.128     0.264    0.160                                                     
2611 4 61348.00 P  0.136601 0.005099  0.323636 0.005986  P-0.0630138 0.0043911                 P     0.249    0.128     0.270    0.160                                                     
2611 5 61349.00 P  0.135442 0.005169  0.323831 0.006090  P-0.0647508 0.0044849                 P     0.258    0.128     0.275    0.160                                                     
2611 6 61350.00 P  0.134283 0.005239  0.324043 0.006194  P-0.0664746 0.0045781                 P     0.267    0.128     0.280    0.160                                                     
2611 7 61351.00 P  0.133123 0.005308  0.324271 0.006298  P-0.0680900 0.0046706                 P     0.278    0.128     0.283    0.160                                                     
2611 8 61352.00 P  0.131963 0.005377  0.324516 0.006400  P-0.0695241 0.0047625                 P     0.289    0.128     0.285    0.160                                                     
2611 9 61353.00 P  0.130803 0.005445  0.324778 0.006503  P-0.0707420 0.0048537                 P     0.300    0.128     0.286    0.160                                                     
261110 61354.00 P  0.129645 0.005512  0.325057 0.006604  P-0.0717482 0.0049444                 P     0.311    0.128     0.285    0.160                                                     
261111 61355.00 P  0.128487 0.005578  0.325352 0.006705  P-0.0725773 0.0050344                 P     0.322    0.128     0.282    0.160                                                     
261112 61356.00 P  0.127330 0.005644  0.325665 0.006805  P-0.0732859 0.0051240                 P     0.331    0.128     0.277    0.160                                                     
261113 61357.00 P  0.126175 0.005710  0.325994 0.006905  P-0.0739440 0.0052129                 P     0.340    0.128     0.271    0.160                                                     
261114 61358.00 P  0.125022 0.005774  0.326340 0.007004  P-0.0746282 0.0053014                 P     0.346    0.128     0.264    0.160                                                     
261115 61359.00 P  0.123872 0.005839  0.326704 0.007103  P-0.0754099 0.0053893                 P     0.352    0.128     0.256    0.160                                                     
261116 61360.00 P  0.122724 0.005902  0.327084 0.007201  P-0.0763461 0.0054768                 P     0.355    0.128     0.247    0.160                                                     
261117 61361.00 P  0.121579 0.005966  0.327481 0.007298  P-0.0774735 0.0055637                 P     0.357    0.128     0.238    0.160                                                     
261118 61362.00 P  0.120438 0.006028  0.327895 0.007395  P-0.0788005 0.0056502                 P     0.357    0.128     0.229    0.160                                                     
261119 61363.00 P  0.119300 0.006091  0.328326 0.007492  P-0.0803097 0.0057362                 P     0.356    0.128     0.220    0.160                                                     
261120 61364.00 P  0.118166 0.006152  0.328774 0.007588  P-0.0819511 0.0058218                 P     0.354    0.128     0.212    0.160                                                     
261121 61365.00 P  0.117037 0.006214  0.329239 0.007684  P-0.0836393 0.0059070                 P     0.351    0.128     0.204    0.160                                                     
261122 61366.00 P  0.115912 0.006274  0.329721 0.007779  P-0.0852614 0.0059917                 P     0.347    0.128     0.198    0.160                                                     
261123 61367.00 P  0.114793 0.006335  0.330220 0.007874  P-0.0867052 0.0060760                 P     0.343    0.128     0.194    0.160                                                     
261124 61368.00 P  0.113679 0.006395  0.330735 0.007968  P-0.0878938 0.0061599                 P     0.340    0.128     0.191    0.160                                                     
261125 61369.00 P  0.112571 0.006454  0.331267 0.008062  P-0.0888249 0.0062434                 P     0.337    0.128     0.189    0.160                                                     
261126 61370.00 P  0.111469 0.006514  0.331816 0.008155  P-0.0895775 0.0063266                 P     0.334    0.128     0.189    0.160                                                     
261127 61371.00 P  0.110374 0.006572  0.332382 0.008248  P-0.0902870 0.0064093                 P     0.333    0.128     0.190    0.160                                                     
261128 61372.00 P  0.109285 0.006631  0.332964 0.008341  P-0.0910992 0.0064917                 P     0.334    0.128     0.192    0.160                                                     
261129 61373.00 P  0.108204 0.006689  0.333562 0.008433  P-0.0921172 0.0065737                 P     0.336    0.128     0.195    0.160                                                     
261130 61374.00 P  0.107131 0.006746  0.334177 0.008525  P-0.0933702 0.0066554                 P     0.339    0.128     0.198    0.160                                                     
2612 1 61375.00 P  0.106065 0.006803  0.334808 0.008616  P-0.0948143 0.0067368                 P     0.344    0.128     0.202    0.160                                                     
2612 2 61376.00 P  0.105008 0.006860  0.335456 0.008707  P-0.0963536 0.0068177                 P     0.351    0.128     0.205    0.160                                                     
2612 3 61377.00 P  0.103959 0.006917  0.336120 0.008798  P-0.0978799 0.0068984                 P     0.359    0.128     0.207    0.160                                                     
2612 4 61378.00 P  0.102919 0.006973  0.336799 0.008888  P-0.0992994 0.0069788                 P     0.367    0.128     0.209    0.160                                                     
2612 5 61379.00 P  0.101889 0.007029  0.337495 0.008978  P-0.1005432 0.0070588                 P     0.377    0.128     0.209    0.160                                                     
2612 6 61380.00 P  0.100869 0.007084  0.338206 0.009068  P-0.1015732 0.0071385                 P     0.387    0.128     0.208    0.160                                                     
2612 7 61381.00 P  0.099858 0.007139  0.338933 0.009157  P-0.1023852 0.0072179                 P     0.397    0.128     0.206    0.160                                                     
2612 8 61382.00 P  0.098858 0.007194  0.339676 0.009246  P-0.1030035 0.0072970                                                                                                             
2612 9 61383.00 P  0.097869 0.007249  0.340434 0.009334  P-0.1034720 0.0073758                                                                                                             
261210 61384.00 P  0.096891 0.007303  0.341207 0.009423  P-0.1038542 0.0074544                                                                                                             
261211 61385.00 P  0.095924 0.007357  0.341996 0.009511  P-0.1042238 0.0075326                                                                                                             
261212 61386.00 P  0.094969 0.007410  0.342799 0.009598  P-0.1046517 0.0076106                                                                                                             
261213 61387.00 P  0.094026 0.007464  0.343617 0.009686  P-0.1051960 0.0076883                                                                                                             
261214 61388.00 P  0.093095 0.007517  0.344450 0.009773  P-0.1058982 0.0077657                                                                                                             
261215 61389.00 P  0.092177 0.007569  0.345298 0.009859  P-0.1067727 0.0078428                                                                                                             
261216 61390.00 P  0.091273 0.007622  0.346160 0.009946  P-0.1078122 0.0079197                                                                                                             
261217 61391.00 P  0.090382 0.007674  0.347036 0.010032  P-0.1089821 0.0079964                                                                                                             
261218 61392.00 P  0.089504 0.007726  0.347926 0.010118  P-0.1102185 0.0080728                                                                                                             
261219 61393.00 P  0.088641 0.007778  0.348829 0.010203  P-0.1114321 0.0081489                                                                                                             
261220 61394.00 P  0.087792 0.007829  0.349747 0.010289  P-0.1125229 0.0082248                                                                                                             
261221 61395.00 P  0.086957 0.007880  0.350678 0.010374  P-0.1134054 0.0083005                                                                                                             
261222 61396.00 P  0.086138 0.007931  0.351622 0.010458  P-0.1140421 0.0083759                                                                                                             
261223 61397.00 P  0.085334 0.007982  0.352579 0.010543  P-0.1144710 0.0084511                                                                                                             
261224 61398.00 P  0.084545 0.008032  0.353548 0.010627  P-0.1148030 0.0085261                                                                                                             
261225 61399.00 P  0.083773 0.008083  0.354531 0.010711  P-0.1151868 0.0086008                                                                                                             
261226 61400.00 P  0.083016 0.008133  0.355526 0.010795  P-0.1157546 0.0086754                                                                                                             
261227 61401.00 P  0.082277 0.008182  0.356532 0.010878  P-0.1165704 0.0087497                                                                                                             
261228 61402.00 P  0.081554 0.008232  0.357551 0.010961  P-0.1176108 0.0088237                                                                                                             
261229 61403.00 P  0.080848 0.008281  0.358582 0.011044  P-0.1187805 0.0088976                                                                                                             
261230 61404.00 P  0.080159 0.008330  0.359624 0.011127  P-0.1199513 0.0089713                                                                                                             
261231 61405.00 P  0.079488 0.008379  0.360677 0.011209  P-0.1210063 0.0090448                                                                                                             
27 1 1 61406.00 P  0.078835 0.008428  0.361741 0.011292  P-0.1218659 0.0091180                                                                                                             
27 1 2 61407.00 P  0.078200 0.008476  0.362815 0.011374  P-0.1224943 0.0091911                                                                                                             
27 1 3 61408.00 P  0.077583 0.008524  0.363901 0.011455  P-0.1228905 0.0092639                                                                                                             
27 1 4 61409.00 P  0.076984 0.008572  0.364995 0.011537  P-0.1230826 0.0093366                                                                                                             
27 1 5 61410.00 P  0.076404 0.008620  0.366099 0.011618  P-0.1231168 0.0094091                                                                                                             
27 1 6 61411.00 P  0.075843 0.008668  0.367213 0.011699  P-0.1230551 0.0094814                                                                                                             
27 1 7 61412.00 P  0.075301 0.008715  0.368336 0.011780  P-0.1229697 0.0095535                                                                                                             
27 1 8 61413.00 P  0.074779 0.008762  0.369469 0.011861  P-0.1229354 0.0096254                                                                                                             
27 1 9 61414.00 P  0.074277 0.008809  0.370610 0.011941  P-0.1230174 0.0096971                                                                                                             
27 110 61415.00 P  0.073795 0.008856  0.371759 0.012022  P-0.1232614 0.0097686                                                                                                             
27 111 61416.00 P  0.073333 0.008903  0.372917 0.012102  P-0.1238701 0.0098400                                                                                                             
27 112 61417.00 P  0.072892 0.008949  0.374083 0.012182  P-0.1246563 0.0099112                                                                                                             
27 113 61418.00 P  0.072472 0.008995  0.375257 0.012261  P-0.1255848 0.0099822                                                                                                             
27 114 61419.00 P  0.072072 0.009042  0.376437 0.012341  P-0.1265966 0.0100531                                                                                                             
27 115 61420.00 P  0.071694 0.009088  0.377625 0.012420  P-0.1276150 0.0101238                                                                                                             
27 116 61421.00 P  0.071337 0.009133  0.378820 0.012499  P-0.1285537 0.0101943                                                                                                             
27 117 61422.00 P  0.071002 0.009179  0.380021 0.012578  P-0.1293335 0.0102646                                                                                                             
27 118 61423.00 P  0.070688 0.009224  0.381228 0.012656  P-0.1299065 0.0103348                                                                                                             
27 119 61424.00 P  0.070397 0.009270  0.382441 0.012735  P-0.1302824 0.0104048                                                                                                             
27 120 61425.00 P  0.070127 0.009315  0.383660 0.012813  P-0.1305400 0.0104747                                                                                                             
27 121 61426.00 P  0.069880 0.009360  0.384883 0.012891  P-0.1308123 0.0105444                                                                                                             
27 122 61427.00 P  0.069655 0.009404  0.386112 0.012969  P-0.1312456 0.0106139                                                                                                             
27 123 61428.00 P  0.069453 0.009449  0.387345 0.013047  P-0.1319434 0.0106833                                                                                                             
27 124 61429.00 P  0.069273 0.009493  0.388582 0.013124  P-0.1329264 0.0107526                                                                                                             
27 125 61430.00 P  0.069116 0.009538  0.389823 0.013202  P-0.1341237 0.0108216                                                                                                             
27 126 61431.00 P  0.068983 0.009582  0.391068 0.013279  P-0.1354034 0.0108906                                                                                                             
27 127 61432.00 P  0.068872 0.009626  0.392315 0.013356  P-0.1366202 0.0109594                                                                                                             
27 128 61433.00 P  0.068784 0.009669  0.393566 0.013433  P-0.1376617 0.0110280                                                                                                             
27 129 61434.00 P  0.068720 0.009713  0.394819 0.013509  P-0.1384689 0.0110965                                                                                                             
27 130 61435.00 P  0.068680 0.009757  0.396074 0.013586  P-0.1390342 0.0111649                                                                                                             
27 131 61436.00 P  0.068662 0.009800  0.397331 0.013662  P-0.1393857 0.0112331                                                                                                             
27 2 1 61437.00 P  0.068669 0.009843  0.398590 0.013739  P-0.1395734 0.0113012                                                                                                             
27 2 2 61438.00 P  0.068699 0.009886  0.399849 0.013815  P-0.1396602 0.0113691                                                                                                             
27 2 3 61439.00 P  0.068753 0.009929  0.401110 0.013890  P-0.1397181 0.0114369                                                                                                             
27 2 4 61440.00 P  0.068831 0.009972  0.402371 0.013966  P-0.1398219 0.0115046                                                                                                             
27 2 5 61441.00 P  0.068933 0.010015  0.403632 0.014042  P-0.1400404 0.0115721                                                                                                             
27 2 6 61442.00 P  0.069059 0.010057  0.404892 0.014117  P-0.1404258 0.0116395                                                                                                             
27 2 7 61443.00 P  0.069209 0.010100  0.406152 0.014192  P-0.1410054 0.0117067                                                                                                             
27 2 8 61444.00 P  0.069383 0.010142  0.407411 0.014267  P-0.1417767 0.0117739                                                                                                             
27 2 9 61445.00 P  0.069581 0.010184  0.408669 0.014342  P-0.1427060 0.0118409                                                                                                             
27 210 61446.00 P  0.069804 0.010226  0.409925 0.014417  P-0.1437332 0.0119077                                                                                                             
27 211 61447.00 P  0.070050 0.010268  0.411179 0.014491  P-0.1447790 0.0119745                                                                                                             
27 212 61448.00 P  0.070321 0.010310  0.412430 0.014566  P-0.1457578 0.0120411                                                                                                             
27 213 61449.00 P  0.070616 0.010351  0.413679 0.014640  P-0.1465932 0.0121076                                                                                                             
27 214 61450.00 P  0.070935 0.010393  0.414924 0.014714  P-0.1472372 0.0121740                                                                                                             
27 215 61451.00 P  0.071279 0.010434  0.416166 0.014788  P-0.1476879 0.0122402                                                                                                             
27 216 61452.00 P  0.071646 0.010475  0.417404 0.014862  P-0.1480021 0.0123063                                                                                                             
27 217 61453.00 P  0.072038 0.010517  0.418638 0.014936  P-0.1482897 0.0123723                                                                                                             
27 218 61454.00 P  0.072454 0.010558  0.419867 0.015010  P-0.1486899 0.0124382                                                                                                             
27 219 61455.00 P  0.072894 0.010598  0.421092 0.015083  P-0.1493273 0.0125040                                                                                                             
27 220 61456.00 P  0.073359 0.010639  0.422310 0.015156  P-0.1502670 0.0125696                                                                                                             
27 221 61457.00 P  0.073847 0.010680  0.423524 0.015230  P-0.1514860 0.0126352                                                                                                             
27 222 61458.00 P  0.074359 0.010720  0.424731 0.015303  P-0.1528799 0.0127006                                                                                                             
27 223 61459.00 P  0.074896 0.010761  0.425932 0.015375  P-0.1542996 0.0127659                                                                                                             
27 224 61460.00 P  0.075456 0.010801  0.427126 0.015448  P-0.1556013 0.0128311                                                                                                             
27 225 61461.00 P  0.076040 0.010841  0.428313 0.015521  P-0.1566866 0.0128962                                                                                                             
27 226 61462.00 P  0.076647 0.010881  0.429492 0.015593  P-0.1575181 0.0129612                                                                                                             
27 227 61463.00 P  0.077278 0.010921  0.430664 0.015666  P-0.1581100 0.0130260                                                                                                             
27 228 61464.00 P  0.077933 0.010961  0.431827 0.015738  P-0.1585105 0.0130908                                                                                                             
27 3 1 61465.00 P  0.078611 0.011001  0.432982 0.015810  P-0.1587855 0.0131554                                                                                                             
27 3 2 61466.00 P  0.079312 0.011040  0.434128 0.015882  P-0.1590089 0.0132199                                                                                                             
27 3 3 61467.00 P  0.080037 0.011080  0.435264 0.015954  P-0.1592571 0.0132844                                                                                                             
27 3 4 61468.00 P  0.080785 0.011119  0.436391 0.016026  P-0.1596019 0.0133487                                                                                                             
27 3 5 61469.00 P  0.081555 0.011159  0.437508 0.016097  P-0.1601030 0.0134129                                                                                                             
27 3 6 61470.00 P  0.082348 0.011198  0.438615 0.016169  P-0.1607980 0.0134770                                                                                                             
27 3 7 61471.00 P  0.083164 0.011237  0.439711 0.016240  P-0.1616965 0.0135410                                                                                                             
27 3 8 61472.00 P  0.084002 0.011276  0.440796 0.016311  P-0.1627756 0.0136050                                                                                                             
27 3 9 61473.00 P  0.084863 0.011315  0.441870 0.016382  P-0.1639802 0.0136688                                                                                                             
27 310 61474.00 P  0.085746 0.011354  0.442932 0.016453  P-0.1652303 0.0137325                                                                                                             
27 311 61475.00 P  0.086650 0.011392  0.443982 0.016524  P-0.1664324 0.0137961                                                                                                             
27 312 61476.00 P  0.087577 0.011431  0.445020 0.016595  P-0.1675003 0.0138596                                                                                                             
27 313 61477.00 P  0.088525 0.011470  0.446045 0.016666  P-0.1683772 0.0139230                                                                                                             
27 314 61478.00 P  0.089494 0.011508  0.447057 0.016736  P-0.1690531 0.0139863                                                                                                             
27 315 61479.00 P  0.090485 0.011546  0.448055 0.016807  P-0.1695742 0.0140495                                                                                                             
27 316 61480.00 P  0.091496 0.011585  0.449040 0.016877  P-0.1700372 0.0141127                                                                                                             
27 317 61481.00 P  0.092528 0.011623  0.450011 0.016947  P-0.1705691 0.0141757                                                                                                             
27 318 61482.00 P  0.093581 0.011661  0.450968 0.017017  P-0.1712958 0.0142386                                                                                                             
27 319 61483.00 P  0.094654 0.011699  0.451910 0.017087  P-0.1723046 0.0143014                                                                                                             
27 320 61484.00 P  0.095747 0.011736  0.452837 0.017157  P-0.1736157 0.0143642                                                                                                             
27 321 61485.00 P  0.096860 0.011774  0.453749 0.017227  P-0.1751710 0.0144268                                                                                                             
27 322 61486.00 P  0.097992 0.011812  0.454645 0.017296  P-0.1768520 0.0144894                                                                                                             
27 323 61487.00 P  0.099144 0.011849  0.455526 0.017366  P-0.1785172 0.0145519                                                                                                             
27 324 61488.00 P  0.100315 0.011887  0.456390 0.017435  P-0.1800461 0.0146142                                                                                                             
27 325 61489.00 P  0.101504 0.011924  0.457238 0.017505  P-0.1813702 0.0146765                                                                                                             
27 326 61490.00 P  0.102712 0.011962  0.458069 0.017574  P-0.1824803 0.0147387                                                                                                             
27 327 61491.00 P  0.103938 0.011999  0.458883 0.017643  P-0.1834142 0.0148008                                                                                                             
27 328 61492.00 P  0.105182 0.012036  0.459680 0.017712  P-0.1842372 0.0148629                                                                                                             
27 329 61493.00 P  0.106443 0.012073  0.460459 0.017781  P-0.1850236 0.0149248                                                                                                             
27 330 61494.00 P  0.107722 0.012110  0.461221 0.017850  P-0.1858449 0.0149867                                                                                                             
27 331 61495.00 P  0.109018 0.012147  0.461964 0.017918  P-0.1867607 0.0150484                                                                                                             
27 4 1 61496.00 P  0.110330 0.012184  0.462689 0.017987  P-0.1878110 0.0151101                                                                                                             
27 4 2 61497.00 P  0.111659 0.012220  0.463395 0.018055  P-0.1890098 0.0151717                                                                                                             
27 4 3 61498.00 P  0.113004 0.012257  0.464082 0.018124  P-0.1903427 0.0152332                                                                                                             
27 4 4 61499.00 P  0.114365 0.012293  0.464750 0.018192  P-0.1917698 0.0152946                                                                                                             
27 4 5 61500.00 P  0.115741 0.012330  0.465399 0.018260  P-0.1932319 0.0153560                                                                                                             
27 4 6 61501.00 P  0.117131 0.012366  0.466028 0.018328  P-0.1946561 0.0154172                                                                                                             
27 4 7 61502.00 P  0.118537 0.012403  0.466638 0.018396  P-0.1959606 0.0154784                                                                                                             
27 4 8 61503.00 P  0.119957 0.012439  0.467227 0.018464  P-0.1970656 0.0155395                                                                                                             
27 4 9 61504.00 P  0.121391 0.012475  0.467796 0.018532  P-0.1979120 0.0156005                                                                                                             
27 410 61505.00 P  0.122838 0.012511  0.468344 0.018599  P-0.1984835 0.0156614                                                                                                             
27 411 61506.00 P  0.124299 0.012547  0.468871 0.018667  P-0.1988202 0.0157223                                                                                                             
27 412 61507.00 P  0.125773 0.012583  0.469378 0.018734  P-0.1990157 0.0157831                                                                                                             
27 413 61508.00 P  0.127259 0.012619  0.469863 0.018802  P-0.1991950 0.0158438                                                                                                             
27 414 61509.00 P  0.128757 0.012654  0.470327 0.018869  P-0.1994836 0.0159044                                                                                                             
27 415 61510.00 P  0.130267 0.012690  0.470769 0.018936  P-0.1999750 0.0159649                                                                                                             
27 416 61511.00 P  0.131788 0.012726  0.471190 0.019004  P-0.2007073 0.0160254                                                                                                             
27 417 61512.00 P  0.133320 0.012761  0.471588 0.019071  P-0.2016536 0.0160858                                                                                                             
27 418 61513.00 P  0.134863 0.012797  0.471964 0.019137  P-0.2027300 0.0161461                                                                                                             
27 419 61514.00 P  0.136416 0.012832  0.472319 0.019204  P-0.2038202 0.0162063                                                                                                             
27 420 61515.00 P  0.137978 0.012867  0.472650 0.019271  P-0.2048087 0.0162665                                                                                                             
27 421 61516.00 P  0.139550 0.012903  0.472959 0.019338  P-0.2056105 0.0163265                                                                                                             
27 422 61517.00 P  0.141131 0.012938  0.473245 0.019404  P-0.2061854 0.0163866                                                                                                             
27 423 61518.00 P  0.142720 0.012973  0.473508 0.019471  P-0.2065376 0.0164465                                                                                                             
27 424 61519.00 P  0.144317 0.013008  0.473749 0.019537  P-0.2067036 0.0165063                                                                                                             
27 425 61520.00 P  0.145922 0.013043  0.473966 0.019603  P-0.2067376 0.0165661                                                                                                             
27 426 61521.00 P  0.147534 0.013078  0.474159 0.019670  P-0.2067009 0.0166258                                                                                                             
27 427 61522.00 P  0.149153 0.013112  0.474329 0.019736  P-0.2066515 0.0166855                                                                                                             
27 428 61523.00 P  0.150778 0.013147  0.474476 0.019802  P-0.2066376 0.0167451                                                                                                             
27 429 61524.00 P  0.152409 0.013182  0.474599 0.019868  P-0.2067140 0.0168046                                                                                                             
27 430 61525.00 P  0.154046 0.013216  0.474698 0.019934  P-0.2069420 0.0168640                                                                                                             
27 5 1 61526.00 P  0.155688 0.013251  0.474773 0.020000  P-0.2073367 0.0169233                                                                                                             
27 5 2 61527.00 P  0.157334 0.013285  0.474824 0.020065  P-0.2078570 0.0169826                                                                                                             
27 5 3 61528.00 P  0.158984 0.013320  0.474851 0.020131  P-0.2084205 0.0170419                                                                                                             
27 5 4 61529.00 P  0.160638 0.013354  0.474854 0.020196  P-0.2089470 0.0171010                                                                                                             
27 5 5 61530.00 P  0.162295 0.013388  0.474833 0.020262  P-0.2093633 0.0171601                                                                                                             
27 5 6 61531.00 P  0.163955 0.013422  0.474788 0.020327  P-0.2095847 0.0172191                                                                                                             
27 5 7 61532.00 P  0.165617 0.013457  0.474718 0.020393  P-0.2095904 0.0172780                                                                                                             
27 5 8 61533.00 P  0.167281 0.013491  0.474623 0.020458  P-0.2093492 0.0173369                                                                                                             
27 5 9 61534.00 P  0.168946 0.013525  0.474505 0.020523  P-0.2090039 0.0173957                                                                                                             
27 510 61535.00 P  0.170613 0.013559  0.474362 0.020588  P-0.2087351 0.0174545                                                                                                             
27 511 61536.00 P  0.172280 0.013592  0.474194 0.020653  P-0.2085900 0.0175131                                                                                                             
27 512 61537.00 P  0.173946 0.013626  0.474002 0.020718  P-0.2085863 0.0175718                                                                                                             
27 513 61538.00 P  0.175613 0.013660  0.473786 0.020783  P-0.2087319 0.0176303                                                                                                             
27 514 61539.00 P  0.177278 0.013694  0.473544 0.020847  P-0.2090929 0.0176888                                                                                                             
27 515 61540.00 P  0.178942 0.013727  0.473279 0.020912  P-0.2095351 0.0177472                                                                                                             
27 516 61541.00 P  0.180604 0.013761  0.472989 0.020977  P-0.2100243 0.0178055                                                                                                             
27 517 61542.00 P  0.182263 0.013794  0.472674 0.021041  P-0.2103810 0.0178638                                                                                                             
27 518 61543.00 P  0.183920 0.013828  0.472335 0.021106  P-0.2104800 0.0179220                                                                                                             
27 519 61544.00 P  0.185574 0.013861  0.471971 0.021170  P-0.2103394 0.0179802                                                                                                             
27 520 61545.00 P  0.187224 0.013894  0.471583 0.021234  P-0.2099617 0.0180383                                                                                                             
27 521 61546.00 P  0.188869 0.013928  0.471171 0.021298  P-0.2094210 0.0180963                                                                                                             
27 522 61547.00 P  0.190510 0.013961  0.470734 0.021363  P-0.2087300 0.0181543                                                                                                             
27 523 61548.00 P  0.192146 0.013994  0.470273 0.021427  P-0.2080319 0.0182122                                                                                                             
27 524 61549.00 P  0.193776 0.014027  0.469788 0.021491  P-0.2073135 0.0182700                                                                                                             
27 525 61550.00 P  0.195400 0.014060  0.469278 0.021554  P-0.2067113 0.0183278                                                                                                             
27 526 61551.00 P  0.197017 0.014093  0.468745 0.021618  P-0.2062316 0.0183855                                                                                                             
27 527 61552.00 P  0.198627 0.014126  0.468187 0.021682  P-0.2059504 0.0184432                                                                                                             
27 528 61553.00 P  0.200230 0.014159  0.467606 0.021746  P-0.2058553 0.0185008                                                                                                             
27 529 61554.00 P  0.201825 0.014192  0.467001 0.021809  P-0.2059133 0.0185583                                                                                                             
27 530 61555.00 P  0.203411 0.014224  0.466372 0.021873  P-0.2061243 0.0186158                                                                                                             
27 531 61556.00 P  0.204988 0.014257  0.465719 0.021936  P-0.2064018 0.0186732                                                                                                             
27 6 1 61557.00 P  0.206556 0.014289  0.465043 0.022000  P-0.2066380 0.0187306                                                                                                             
27 6 2 61558.00 P  0.208115 0.014322  0.464344 0.022063  P-0.2068074 0.0187879                                                                                                             
27 6 3 61559.00 P  0.209663 0.014355  0.463622 0.022126  P-0.2067277 0.0188451                                                                                                             
27 6 4 61560.00 P  0.211200 0.014387  0.462876 0.022189  P-0.2064926 0.0189023                                                                                                             
27 6 5 61561.00 P  0.212726 0.014419  0.462108 0.022253  P-0.2060190 0.0189594                                                                                                             
27 6 6 61562.00 P  0.214240 0.014452  0.461316 0.022316  P-0.2055429 0.0190165                                                                                                             
27 6 7 61563.00 P  0.215742 0.014484  0.460503 0.022379  P-0.2050736 0.0190735                                                                                                             
27 6 8 61564.00 P  0.217232 0.014516  0.459666 0.022442  P-0.2047717 0.0191305                                                                                                             
27 6 9 61565.00 P  0.218708 0.014548  0.458808 0.022504  P-0.2046845 0.0191874                                                                                                             
27 610 61566.00 P  0.220171 0.014580  0.457927 0.022567  P-0.2048407 0.0192442                                                                                                             
27 611 61567.00 P  0.221621 0.014613  0.457025 0.022630  P-0.2052017 0.0193010                                                                                                             
27 612 61568.00 P  0.223055 0.014645  0.456101 0.022692  P-0.2054979 0.0193577                                                                                                             
27 613 61569.00 P  0.224476 0.014677  0.455155 0.022755  P-0.2056470 0.0194144                                                                                                             
27 614 61570.00 P  0.225881 0.014708  0.454188 0.022818  P-0.2055506 0.0194710                                                                                                             
27 615 61571.00 P  0.227270 0.014740  0.453200 0.022880  P-0.2051998 0.0195276                                                                                                             
27 616 61572.00 P  0.228643 0.014772  0.452192 0.022942  P-0.2045559 0.0195841                                                                                                             
27 617 61573.00 P  0.230000 0.014804  0.451162 0.023005  P-0.2036530 0.0196405                                                                                                             
27 618 61574.00 P  0.231340 0.014836  0.450112 0.023067  P-0.2026115 0.0196969                                                                                                             
27 619 61575.00 P  0.232663 0.014867  0.449043 0.023129  P-0.2015123 0.0197532                                                                                                             
27 620 61576.00 P  0.233968 0.014899  0.447953 0.023191  P-0.2004006 0.0198095                                                                                                             
27 621 61577.00 P  0.235255 0.014930  0.446843 0.023253  P-0.1994010 0.0198658                                                                                                             
27 622 61578.00 P  0.236523 0.014962  0.445714 0.023315  P-0.1984723 0.0199219                                                                                                             
27 623 61579.00 P  0.237773 0.014993  0.444567 0.023377  P-0.1977034 0.0199781                                                                                                             
27 624 61580.00 P  0.239003 0.015025  0.443400 0.023439  P-0.1971495 0.0200341                                                                                                             
27 625 61581.00 P  0.240213 0.015056  0.442214 0.023501  P-0.1967491 0.0200902                                                                                                             
27 626 61582.00 P  0.241404 0.015087  0.441011 0.023562  P-0.1964998 0.0201461                                                                                                             
27 627 61583.00 P  0.242574 0.015119  0.439789 0.023624  P-0.1963296 0.0202021                                                                                                             
27 628 61584.00 P  0.243723 0.015150  0.438550 0.023686  P-0.1962062 0.0202579                                                                                                             
27 629 61585.00 P  0.244851 0.015181  0.437293 0.023747  P-0.1959721 0.0203137                                                                                                             
27 630 61586.00 P  0.245958 0.015212  0.436019 0.023809  P-0.1955943 0.0203695                                                                                                             
27 7 1 61587.00 P  0.247042 0.015243  0.434729 0.023870  P-0.1949627 0.0204252                                                                                                             
27 7 2 61588.00 P  0.248105 0.015274  0.433422 0.023931  P-0.1941439 0.0204809                                                                                                             
27 7 3 61589.00 P  0.249145 0.015305  0.432099 0.023993  P-0.1932474 0.0205365                                                                                                             
27 7 4 61590.00 P  0.250161 0.015336  0.430760 0.024054  P-0.1923511 0.0205920                                                                                                             
27 7 5 61591.00 P  0.251155 0.015367  0.429405 0.024115  P-0.1915515 0.0206475                                                                                                             
27 7 6 61592.00 P  0.252125 0.015398  0.428036 0.024176  P-0.1909495 0.0207030                                                                                                             
27 7 7 61593.00 P  0.253071 0.015428  0.426651 0.024237  P-0.1906058 0.0207584                                                                                                             
27 7 8 61594.00 P  0.253993 0.015459  0.425253 0.024298  P-0.1905083 0.0208138                                                                                                             
27 7 9 61595.00 P  0.254891 0.015490  0.423840 0.024359  P-0.1904829 0.0208691                                                                                                             
27 710 61596.00 P  0.255763 0.015520  0.422413 0.024420  P-0.1903684 0.0209243                                                                                                             
27 711 61597.00 P  0.256611 0.015551  0.420973 0.024481  P-0.1900866 0.0209795                                                                                                             
27 712 61598.00 P  0.257433 0.015582  0.419520 0.024542  P-0.1894757 0.0210347                                                                                                             
27 713 61599.00 P  0.258229 0.015612  0.418055 0.024602  P-0.1886112 0.0210898                                                                                                             
27 714 61600.00 P  0.258999 0.015642  0.416577 0.024663  P-0.1874596 0.0211449                                                                                                             
27 715 61601.00 P  0.259744 0.015673  0.415088 0.024724  P-0.1861514 0.0211999                                                                                                             
27 716 61602.00 P  0.260461 0.015703  0.413587 0.024784  P-0.1847829 0.0212548                                                                                                             
27 717 61603.00 P  0.261152 0.015734  0.412074 0.024845  P-0.1833378 0.0213098                                                                                                             
27 718 61604.00 P  0.261816 0.015764  0.410552 0.024905  P-0.1820232 0.0213646                                                                                                             
27 719 61605.00 P  0.262453 0.015794  0.409018 0.024965  P-0.1808160 0.0214195                                                                                                             
27 720 61606.00 P  0.263062 0.015824  0.407475 0.025026  P-0.1797352 0.0214742                                                                                                             
27 721 61607.00 P  0.263643 0.015854  0.405923 0.025086  P-0.1788351 0.0215290                                                                                                             
27 722 61608.00 P  0.264196 0.015885  0.404361 0.025146  P-0.1780715 0.0215837                                                                                                             
27 723 61609.00 P  0.264722 0.015915  0.402791 0.025206  P-0.1774041 0.0216383                                                                                                             
27 724 61610.00 P  0.265219 0.015945  0.401213 0.025266  P-0.1768548 0.0216929                                                                                                             
27 725 61611.00 P  0.265687 0.015975  0.399627 0.025326  P-0.1763930 0.0217474                                                                                                             
27 726 61612.00 P  0.266127 0.016004  0.398033 0.025386  P-0.1759417 0.0218019                                                                                                             
27 727 61613.00 P  0.266538 0.016034  0.396432 0.025446  P-0.1753496 0.0218564                                                                                                             
27 728 61614.00 P  0.266919 0.016064  0.394825 0.025506  P-0.1745434 0.0219108                                                                                                             
27 729 61615.00 P  0.267272 0.016094  0.393212 0.025566  P-0.1735673 0.0219652                                                                                                             
27 730 61616.00 P  0.267595 0.016124  0.391593 0.025625  P-0.1725185 0.0220195                                                                                                             
27 731 61617.00 P  0.267888 0.016154  0.389969 0.025685  P-0.1714961 0.0220738                                                                                                             
27 8 1 61618.00 P  0.268152 0.016183  0.388340 0.025745  P-0.1706742 0.0221280                                                                                                             
27 8 2 61619.00 P  0.268386 0.016213  0.386707 0.025804  P-0.1700654 0.0221822                                                                                                             
27 8 3 61620.00 P  0.268590 0.016242  0.385070 0.025864  P-0.1698313 0.0222363                                                                                                             
27 8 4 61621.00 P  0.268764 0.016272  0.383429 0.025923  P-0.1698794 0.0222904                                                                                                             
27 8 5 61622.00 P  0.268908 0.016302  0.381785 0.025983  P-0.1701251 0.0223444                                                                                                             
27 8 6 61623.00 P  0.269021 0.016331  0.380139 0.026042  P-0.1704011 0.0223985                                                                                                             
27 8 7 61624.00 P  0.269104 0.016360  0.378491 0.026101  P-0.1705167 0.0224524                                                                                                             
27 8 8 61625.00 P  0.269157 0.016390  0.376841 0.026161  P-0.1703730 0.0225063                                                                                                             
27 8 9 61626.00 P  0.269179 0.016419  0.375189 0.026220  P-0.1698762 0.0225602                                                                                                             
27 810 61627.00 P  0.269170 0.016449  0.373538 0.026279  P-0.1691055 0.0226140                                                                                                             
27 811 61628.00 P  0.269131 0.016478  0.371885 0.026338  P-0.1681130 0.0226678                                                                                                             
27 812 61629.00 P  0.269061 0.016507  0.370233 0.026397  P-0.1670260 0.0227216                                                                                                             
27 813 61630.00 P  0.268961 0.016536  0.368582 0.026456  P-0.1659027 0.0227753                                                                                                             
27 814 61631.00 P  0.268830 0.016565  0.366931 0.026515  P-0.1647949 0.0228290                                                                                                             
27 815 61632.00 P  0.268667 0.016595  0.365282 0.026574  P-0.1637856 0.0228826                                                                                                             
27 816 61633.00 P  0.268474 0.016624  0.363636 0.026633  P-0.1628604 0.0229362                                                                                                             
27 817 61634.00 P  0.268251 0.016653  0.361991 0.026692  P-0.1621520 0.0229897                                                                                                             
27 818 61635.00 P  0.267996 0.016682  0.360350 0.026750  P-0.1616515 0.0230432                                                                                                             
27 819 61636.00 P  0.267711 0.016711  0.358712 0.026809  P-0.1613590 0.0230966                                                                                                             
27 820 61637.00 P  0.267395 0.016740  0.357078 0.026868  P-0.1612004 0.0231500                                                                                                             
27 821 61638.00 P  0.267048 0.016768  0.355448 0.026926  P-0.1609890 0.0232034                                                                                                             
27 822 61639.00 P  0.266670 0.016797  0.353823 0.026985  P-0.1607205 0.0232567                                                                                                             
27 823 61640.00 P  0.266262 0.016826  0.352203 0.027043  P-0.1604329 0.0233100                                                                                                             
27 824 61641.00 P  0.265823 0.016855  0.350589 0.027102  P-0.1599545 0.0233633                                                                                                             
27 825 61642.00 P  0.265354 0.016884  0.348981 0.027160  P-0.1592817 0.0234165                                                                                                             
27 826 61643.00 P  0.264854 0.016912  0.347379 0.027219  P-0.1584641 0.0234697                                                                                                             
27 827 61644.00 P  0.264324 0.016941  0.345785 0.027277  P-0.1576306 0.0235228                                                                                                             
27 828 61645.00 P  0.263763 0.016970  0.344198 0.027335  P-0.1568281 0.0235759                                                                                                             
27 829 61646.00 P  0.263172 0.016998  0.342620 0.027393  P-0.1562406 0.0236289                                                                                                             
27 830 61647.00 P  0.262551 0.017027  0.341049 0.027451  P-0.1559856 0.0236819                                                                                                             
27 831 61648.00 P  0.261901 0.017055  0.339488 0.027510  P-0.1560393 0.0237349                                                                                                             
27 9 1 61649.00 P  0.261220 0.017084  0.337936 0.027568  P-0.1563157 0.0237878                                                                                                             
27 9 2 61650.00 P  0.260510 0.017112  0.336394 0.027626  P-0.1567581 0.0238407                                                                                                             
27 9 3 61651.00 P  0.259770 0.017141  0.334862 0.027684  P-0.1572001 0.0238935                                                                                                             
27 9 4 61652.00 P  0.259001 0.017169  0.333340 0.027742  P-0.1574118 0.0239463                                                                                                             
27 9 5 61653.00 P  0.258202 0.017197  0.331830 0.027799  P-0.1573591 0.0239991                                                                                                             
27 9 6 61654.00 P  0.257375 0.017226  0.330332 0.027857  P-0.1569729 0.0240518                                                                                                             
27 9 7 61655.00 P  0.256518 0.017254  0.328845 0.027915  P-0.1563209 0.0241045                                                                                                             
27 9 8 61656.00 P  0.255633 0.017282  0.327371 0.027973  P-0.1555599 0.0241572                                                                                                             
27 9 9 61657.00 P  0.254719 0.017311  0.325910 0.028030  P-0.1547983 0.0242098                                                                                                             
27 910 61658.00 P  0.253777 0.017339  0.324462 0.028088  P-0.1540007 0.0242624                                                                                                             
27 911 61659.00 P  0.252807 0.017367  0.323028 0.028146  P-0.1533925 0.0243149                                                                                                             
27 912 61660.00 P  0.251809 0.017395  0.321608 0.028203  P-0.1527850 0.0243674                                                                                                             
27 913 61661.00 P  0.250783 0.017423  0.320203 0.028261  P-0.1522630 0.0244199                                                                                                             
27 914 61662.00 P  0.249730 0.017451  0.318813 0.028318  P-0.1518946 0.0244723                                                                                                             
27 915 61663.00 P  0.248650 0.017479  0.317438 0.028376  P-0.1516643 0.0245247                                                                                                             
27 916 61664.00 P  0.247543 0.017507  0.316079 0.028433  P-0.1514869 0.0245770                                                                                                             
27 917 61665.00 P  0.246409 0.017535  0.314737 0.028490  P-0.1513219 0.0246293                                                                                                             
27 918 61666.00 P  0.245249 0.017563  0.313411 0.028548  P-0.1510725 0.0246816                                                                                                             
27 919 61667.00 P  0.244062 0.017591  0.312102 0.028605  P-0.1506749 0.0247338                                                                                                             
27 920 61668.00 P  0.242850 0.017619  0.310810 0.028662  P-0.1500956 0.0247860                                                                                                             
27 921 61669.00 P  0.241612 0.017646  0.309537 0.028719  P-0.1493853 0.0248382                                                                                                             
27 922 61670.00 P  0.240349 0.017674  0.308282 0.028776  P-0.1485440 0.0248903                                                                                                             
27 923 61671.00 P  0.239061 0.017702  0.307045 0.028833  P-0.1476697 0.0249424                                                                                                             
27 924 61672.00 P  0.237749 0.017730  0.305827 0.028890  P-0.1468386 0.0249945                                                                                                             
27 925 61673.00 P  0.236412 0.017757  0.304629 0.028947  P-0.1462187 0.0250465                                                                                                             
27 926 61674.00 P  0.235051 0.017785  0.303451 0.029004  P-0.1458729 0.0250985                                                                                                             
27 927 61675.00 P  0.233667 0.017812  0.302292 0.029061  P-0.1457867 0.0251504                                                                                                             
