26 9 9 61292.00 P  0.203192 0.001693  0.334095 0.001466  P-0.0012829 0.0006014                 P     0.005    0.128     0.183    0.160                                                     
26 910 61293.00 P  0.202430 0.001848  0.333408 0.001638  P-0.0023990 0.0007012                 P     0.011    0.128     0.194    0.160                                                     
26 911 61294.00 P  0.201630 0.001994  0.332738 0.001804  P-0.0036989 0.0007500                 P     0.019    0.128     0.205    0.160                                                     
26 912 61295.00 P  0.200791 0.002133  0.332091 0.001963  P-0.0050606 0.0005500                 P     0.029    0.128     0.215    0.160                                                     
26 913 61296.00 P  0.199928 0.002265  0.331451 0.002118  P-0.0063572 0.0007548                 P     0.039    0.128     0.223    0.160                                                     
26 914 61297.00 P  0.199041 0.002391  0.330812 0.002268  P-0.0074809 0.0009344                 P     0.050    0.128     0.230    0.160                                                     
26 915 61298.00 P  0.198132 0.002513  0.330162 0.002415  P-0.0083842 0.0010994                 P     0.061    0.128     0.236    0.160                                                     
26 916 61299.00 P  0.197218 0.002630  0.329510 0.002558  P-0.0090464 0.0012543                 P     0.072    0.128     0.239    0.160                                                     
26 917 61300.00 P  0.196301 0.002743  0.328860 0.002698  P-0.0094961 0.0014016                 P     0.083    0.128     0.241    0.160                                                     
26 918 61301.00 P  0.195382 0.002853  0.328210 0.002836  P-0.0098080 0.0015429                 P     0.092    0.128     0.242    0.160                                                     
26 919 61302.00 P  0.194458 0.002960  0.327567 0.002971  P-0.0100668 0.0016792                 P     0.101    0.128     0.240    0.160                                                     
26 920 61303.00 P  0.193530 0.003064  0.326933 0.003103  P-0.0103594 0.0018113                 P     0.108    0.128     0.238    0.160                                                     
26 921 61304.00 P  0.192597 0.003166  0.326312 0.003234  P-0.0107632 0.0019399                 P     0.114    0.128     0.235    0.160                                                     
26 922 61305.00 P  0.191651 0.003265  0.325703 0.003362  P-0.0113462 0.0020652                 P     0.118    0.128     0.231    0.160                                                     
26 923 61306.00 P  0.190690 0.003362  0.325102 0.003489  P-0.0121522 0.0021877                 P     0.120    0.128     0.226    0.160                                                     
26 924 61307.00 P  0.189715 0.003457  0.324514 0.003613  P-0.0132068 0.0023077                 P     0.121    0.128     0.222    0.160                                                     
26 925 61308.00 P  0.188725 0.003550  0.323936 0.003736  P-0.0145104 0.0024255                 P     0.121    0.128     0.218    0.160                                                     
26 926 61309.00 P  0.187722 0.003641  0.323369 0.003858  P-0.0160005 0.0025411                 P     0.119    0.128     0.215    0.160                                                     
26 927 61310.00 P  0.186706 0.003730  0.322812 0.003978  P-0.0175636 0.0026548                 P     0.117    0.128     0.213    0.160                                                     
26 928 61311.00 P  0.185677 0.003818  0.322266 0.004097  P-0.0190737 0.0027668                 P     0.114    0.128     0.212    0.160                                                     
26 929 61312.00 P  0.184637 0.003904  0.321733 0.004214  P-0.0204245 0.0028772                 P     0.111    0.128     0.213    0.160                                                     
26 930 61313.00 P  0.183585 0.003989  0.321210 0.004330  P-0.0215410 0.0029860                 P     0.109    0.128     0.215    0.160                                                     
2610 1 61314.00 P  0.182522 0.004073  0.320701 0.004445  P-0.0224128 0.0030934                 P     0.107    0.128     0.219    0.160                                                     
2610 2 61315.00 P  0.181447 0.004155  0.320205 0.004559  P-0.0231041 0.0031995                 P     0.106    0.128     0.224    0.160                                                     
2610 3 61316.00 P  0.180360 0.004236  0.319723 0.004671  P-0.0237256 0.0033043                 P     0.106    0.128     0.230    0.160                                                     
2610 4 61317.00 P  0.179261 0.004316  0.319254 0.004783  P-0.0244028 0.0034080                 P     0.108    0.128     0.237    0.160                                                     
2610 5 61318.00 P  0.178150 0.004395  0.318799 0.004893  P-0.0252513 0.0035105                 P     0.112    0.128     0.245    0.160                                                     
2610 6 61319.00 P  0.177027 0.004472  0.318359 0.005003  P-0.0263402 0.0036120                 P     0.117    0.128     0.253    0.160                                                     
2610 7 61320.00 P  0.175892 0.004549  0.317933 0.005112  P-0.0276753 0.0037124                 P     0.124    0.128     0.262    0.160                                                     
2610 8 61321.00 P  0.174746 0.004625  0.317522 0.005220  P-0.0292021 0.0038119                 P     0.132    0.128     0.270    0.160                                                     
2610 9 61322.00 P  0.173588 0.004700  0.317127 0.005327  P-0.0308300 0.0039105                 P     0.142    0.128     0.277    0.160                                                     
261010 61323.00 P  0.172420 0.004774  0.316747 0.005433  P-0.0324488 0.0040082                 P     0.153    0.128     0.284    0.160                                                     
261011 61324.00 P  0.171240 0.004847  0.316383 0.005538  P-0.0339555 0.0041051                 P     0.164    0.128     0.289    0.160                                                     
261012 61325.00 P  0.170051 0.004919  0.316034 0.005643  P-0.0352772 0.0042012                 P     0.176    0.128     0.293    0.160                                                     
261013 61326.00 P  0.168851 0.004991  0.315702 0.005746  P-0.0363855 0.0042965                 P     0.187    0.128     0.295    0.160                                                     
261014 61327.00 P  0.167641 0.005061  0.315386 0.005849  P-0.0372962 0.0043911                 P     0.199    0.128     0.296    0.160                                                     
261015 61328.00 P  0.166421 0.005131  0.315087 0.005952  P-0.0380529 0.0044849                 P     0.209    0.128     0.294    0.160                                                     
261016 61329.00 P  0.165192 0.005201  0.314805 0.006053  P-0.0387198 0.0045781                 P     0.219    0.128     0.292    0.160                                                     
261017 61330.00 P  0.163953 0.005269  0.314540 0.006155  P-0.0393662 0.0046706                 P     0.227    0.128     0.288    0.160                                                     
261018 61331.00 P  0.162705 0.005337  0.314292 0.006255  P-0.0400608 0.0047625                 P     0.234    0.128     0.283    0.160                                                     
261019 61332.00 P  0.161449 0.005405  0.314062 0.006355  P-0.0408704 0.0048537                 P     0.239    0.128     0.277    0.160                                                     
261020 61333.00 P  0.160185 0.005471  0.313849 0.006454  P-0.0418490 0.0049444                 P     0.243    0.128     0.270    0.160                                                     
261021 61334.00 P  0.158912 0.005537  0.313654 0.006552  P-0.0430304 0.0050344                 P     0.244    0.128     0.264    0.160                                                     
261022 61335.00 P  0.157632 0.005603  0.313477 0.006650  P-0.0444218 0.0051240                 P     0.245    0.128     0.257    0.160                                                     
261023 61336.00 P  0.156345 0.005668  0.313319 0.006748  P-0.0459965 0.0052129                 P     0.244    0.128     0.251    0.160                                                     
261024 61337.00 P  0.155050 0.005732  0.313179 0.006845  P-0.0476858 0.0053014                 P     0.242    0.128     0.246    0.160                                                     
261025 61338.00 P  0.153749 0.005796  0.313057 0.006941  P-0.0493876 0.0053893                 P     0.239    0.128     0.242    0.160                                                     
261026 61339.00 P  0.152441 0.005859  0.312954 0.007037  P-0.0509785 0.0054768                 P     0.237    0.128     0.240    0.160                                                     
261027 61340.00 P  0.151128 0.005922  0.312870 0.007132  P-0.0523553 0.0055637                 P     0.234    0.128     0.239    0.160                                                     
261028 61341.00 P  0.149808 0.005984  0.312804 0.007227  P-0.0534740 0.0056502                 P     0.231    0.128     0.239    0.160                                                     
261029 61342.00 P  0.148484 0.006046  0.312758 0.007322  P-0.0543685 0.0057362                 P     0.230    0.128     0.241    0.160                                                     
261030 61343.00 P  0.147155 0.006107  0.312731 0.007415  P-0.0551457 0.0058218                 P     0.229    0.128     0.244    0.160                                                     
261031 61344.00 P  0.145821 0.006168  0.312723 0.007509  P-0.0559429 0.0059070                 P     0.230    0.128     0.248    0.160                                                     
2611 1 61345.00 P  0.144483 0.006228  0.312735 0.007602  P-0.0568829 0.0059917                 P     0.233    0.128     0.253    0.160                                                     
2611 2 61346.00 P  0.143141 0.006288  0.312766 0.007694  P-0.0580416 0.0060760                 P     0.237    0.128     0.259    0.160                                                     
2611 3 61347.00 P  0.141796 0.006348  0.312816 0.007787  P-0.0594306 0.0061599                 P     0.242    0.128     0.264    0.160                                                     
2611 4 61348.00 P  0.140448 0.006407  0.312887 0.007878  P-0.0609988 0.0062434                 P     0.249    0.128     0.270    0.160                                                     
2611 5 61349.00 P  0.139097 0.006466  0.312977 0.007970  P-0.0626578 0.0063266                 P     0.258    0.128     0.276    0.160                                                     
2611 6 61350.00 P  0.137744 0.006524  0.313086 0.008060  P-0.0643071 0.0064093                 P     0.267    0.128     0.280    0.160                                                     
2611 7 61351.00 P  0.136389 0.006582  0.313216 0.008151  P-0.0658479 0.0064917                 P     0.278    0.128     0.283    0.160                                                     
2611 8 61352.00 P  0.135033 0.006639  0.313366 0.008241  P-0.0672022 0.0065737                 P     0.289    0.128     0.285    0.160                                                     
2611 9 61353.00 P  0.133675 0.006697  0.313536 0.008331  P-0.0683295 0.0066554                 P     0.300    0.128     0.286    0.160                                                     
261110 61354.00 P  0.132317 0.006753  0.313725 0.008420  P-0.0692278 0.0067368                 P     0.311    0.128     0.285    0.160                                                     
261111 61355.00 P  0.130959 0.006810  0.313935 0.008509  P-0.0699274 0.0068177                 P     0.322    0.128     0.282    0.160                                                     
261112 61356.00 P  0.129601 0.006866  0.314165 0.008598  P-0.0704858 0.0068984                 P     0.331    0.128     0.277    0.160                                                     
261113 61357.00 P  0.128243 0.006922  0.314415 0.008686  P-0.0709751 0.0069788                 P     0.340    0.128     0.271    0.160                                                     
261114 61358.00 P  0.126887 0.006977  0.314686 0.008774  P-0.0714705 0.0070588                 P     0.346    0.128     0.264    0.160                                                     
261115 61359.00 P  0.125531 0.007032  0.314976 0.008861  P-0.0720451 0.0071385                 P     0.352    0.128     0.256    0.160                                                     
261116 61360.00 P  0.124178 0.007087  0.315287 0.008949  P-0.0727567 0.0072179                 P     0.355    0.128     0.247    0.160                                                     
261117 61361.00 P  0.122827 0.007141  0.315618 0.009036  P-0.0736417 0.0072970                                                                                                             
261118 61362.00 P  0.121478 0.007195  0.315969 0.009122  P-0.0747150 0.0073758                                                                                                             
261119 61363.00 P  0.120133 0.007249  0.316340 0.009208  P-0.0759645 0.0074544                                                                                                             
261120 61364.00 P  0.118790 0.007303  0.316732 0.009294  P-0.0773434 0.0075326                                                                                                             
261121 61365.00 P  0.117452 0.007356  0.317143 0.009380  P-0.0787690 0.0076106                                                                                                             
261122 61366.00 P  0.116118 0.007409  0.317575 0.009465  P-0.0801312 0.0076883                                                                                                             
261123 61367.00 P  0.114789 0.007462  0.318027 0.009550  P-0.0813169 0.0077657                                                                                                             
261124 61368.00 P  0.113464 0.007514  0.318499 0.009635  P-0.0822481 0.0078428                                                                                                             
261125 61369.00 P  0.112146 0.007566  0.318991 0.009720  P-0.0829181 0.0079197                                                                                                             
261126 61370.00 P  0.110833 0.007618  0.319502 0.009804  P-0.0834024 0.0079964                                                                                                             
261127 61371.00 P  0.109526 0.007669  0.320034 0.009888  P-0.0838369 0.0080728                                                                                                             
261128 61372.00 P  0.108226 0.007721  0.320585 0.009971  P-0.0843652 0.0081489                                                                                                             
261129 61373.00 P  0.106934 0.007772  0.321157 0.010055  P-0.0850877 0.0082248                                                                                                             
261130 61374.00 P  0.105649 0.007822  0.321747 0.010138  P-0.0860298 0.0083005                                                                                                             
2612 1 61375.00 P  0.104371 0.007873  0.322358 0.010220  P-0.0871459 0.0083759                                                                                                             
2612 2 61376.00 P  0.103103 0.007923  0.322988 0.010303  P-0.0883427 0.0084511                                                                                                             
2612 3 61377.00 P  0.101843 0.007973  0.323637 0.010385  P-0.0895137 0.0085261                                                                                                             
2612 4 61378.00 P  0.100592 0.008023  0.324305 0.010467  P-0.0905668 0.0086008                                                                                                             
2612 5 61379.00 P  0.099351 0.008073  0.324993 0.010549  P-0.0914336 0.0086754                                                                                                             
2612 6 61380.00 P  0.098120 0.008122  0.325699 0.010631  P-0.0920773 0.0087497                                                                                                             
2612 7 61381.00 P  0.096899 0.008171  0.326425 0.010712  P-0.0924937 0.0088237                                                                                                             
2612 8 61382.00 P  0.095689 0.008220  0.327169 0.010793  P-0.0927085 0.0088976                                                                                                             
2612 9 61383.00 P  0.094490 0.008269  0.327932 0.010874  P-0.0927722 0.0089713                                                                                                             
261210 61384.00 P  0.093303 0.008317  0.328713 0.010954  P-0.0927535 0.0090448                                                                                                             
261211 61385.00 P  0.092128 0.008366  0.329513 0.011035  P-0.0927286 0.0091180                                                                                                             
261212 61386.00 P  0.090965 0.008414  0.330330 0.011115  P-0.0927683 0.0091911                                                                                                             
261213 61387.00 P  0.089815 0.008462  0.331166 0.011195  P-0.0929322 0.0092639                                                                                                             
261214 61388.00 P  0.088679 0.008509  0.332019 0.011275  P-0.0932562 0.0093366                                                                                                             
261215 61389.00 P  0.087557 0.008557  0.332890 0.011354  P-0.0937569 0.0094091                                                                                                             
261216 61390.00 P  0.086448 0.008604  0.333778 0.011433  P-0.0944251 0.0094814                                                                                                             
261217 61391.00 P  0.085354 0.008651  0.334684 0.011512  P-0.0952237 0.0095535                                                                                                             
261218 61392.00 P  0.084275 0.008698  0.335606 0.011591  P-0.0960894 0.0096254                                                                                                             
261219 61393.00 P  0.083210 0.008745  0.336546 0.011670  P-0.0969348 0.0096971                                                                                                             
261220 61394.00 P  0.082161 0.008791  0.337502 0.011748  P-0.0976622 0.0097686                                                                                                             
261221 61395.00 P  0.081128 0.008837  0.338475 0.011826  P-0.0983984 0.0098400                                                                                                             
261222 61396.00 P  0.080110 0.008883  0.339464 0.011905  P-0.0988960 0.0099112                                                                                                             
261223 61397.00 P  0.079110 0.008929  0.340469 0.011982  P-0.0991924 0.0099822                                                                                                             
261224 61398.00 P  0.078126 0.008975  0.341489 0.012060  P-0.0993976 0.0100531                                                                                                             
261225 61399.00 P  0.077159 0.009021  0.342526 0.012137  P-0.0996610 0.0101238                                                                                                             
261226 61400.00 P  0.076209 0.009066  0.343578 0.012215  P-0.1001145 0.0101943                                                                                                             
261227 61401.00 P  0.075278 0.009111  0.344644 0.012292  P-0.1008217 0.0102646                                                                                                             
261228 61402.00 P  0.074365 0.009157  0.345726 0.012369  P-0.1017579 0.0103348                                                                                                             
261229 61403.00 P  0.073470 0.009201  0.346822 0.012445  P-0.1028269 0.0104048                                                                                                             
261230 61404.00 P  0.072594 0.009246  0.347933 0.012522  P-0.1039022 0.0104747                                                                                                             
261231 61405.00 P  0.071737 0.009291  0.349058 0.012598  P-0.1048681 0.0105444                                                                                                             
27 1 1 61406.00 P  0.070900 0.009335  0.350196 0.012674  P-0.1056462 0.0106139                                                                                                             
27 1 2 61407.00 P  0.070082 0.009379  0.351348 0.012750  P-0.1062004 0.0106833                                                                                                             
27 1 3 61408.00 P  0.069285 0.009424  0.352513 0.012826  P-0.1065297 0.0107526                                                                                                             
27 1 4 61409.00 P  0.068507 0.009468  0.353692 0.012901  P-0.1066599 0.0108216                                                                                                             
27 1 5 61410.00 P  0.067751 0.009511  0.354883 0.012977  P-0.1066379 0.0108906                                                                                                             
27 1 6 61411.00 P  0.067015 0.009555  0.356086 0.013052  P-0.1065265 0.0109594                                                                                                             
27 1 7 61412.00 P  0.066301 0.009598  0.357301 0.013127  P-0.1063985 0.0110280                                                                                                             
27 1 8 61413.00 P  0.065608 0.009642  0.358528 0.013202  P-0.1063277 0.0110965                                                                                                             
27 1 9 61414.00 P  0.064937 0.009685  0.359767 0.013277  P-0.1063781 0.0111649                                                                                                             
27 110 61415.00 P  0.064288 0.009728  0.361017 0.013352  P-0.1065937 0.0112331                                                                                                             
27 111 61416.00 P  0.063662 0.009771  0.362277 0.013426  P-0.1069939 0.0113012                                                                                                             
27 112 61417.00 P  0.063058 0.009814  0.363548 0.013500  P-0.1075701 0.0113691                                                                                                             
27 113 61418.00 P  0.062477 0.009856  0.364830 0.013574  P-0.1082877 0.0114369                                                                                                             
27 114 61419.00 P  0.061918 0.009899  0.366121 0.013648  P-0.1090881 0.0115046                                                                                                             
27 115 61420.00 P  0.061384 0.009941  0.367422 0.013722  P-0.1098950 0.0115721                                                                                                             
27 116 61421.00 P  0.060872 0.009983  0.368732 0.013796  P-0.1106218 0.0116395                                                                                                             
27 117 61422.00 P  0.060385 0.010026  0.370050 0.013869  P-0.1111895 0.0117067                                                                                                             
27 118 61423.00 P  0.059921 0.010067  0.371378 0.013943  P-0.1115514 0.0117739                                                                                                             
27 119 61424.00 P  0.059482 0.010109  0.372713 0.014016  P-0.1117175 0.0118409                                                                                                             
27 120 61425.00 P  0.059067 0.010151  0.374056 0.014089  P-0.1117672 0.0119077                                                                                                             
27 121 61426.00 P  0.058676 0.010193  0.375407 0.014162  P-0.1118343 0.0119745                                                                                                             
27 122 61427.00 P  0.058311 0.010234  0.376765 0.014235  P-0.1120651 0.0120411                                                                                                             
27 123 61428.00 P  0.057970 0.010275  0.378129 0.014307  P-0.1125637 0.0121076                                                                                                             
27 124 61429.00 P  0.057654 0.010316  0.379500 0.014380  P-0.1133504 0.0121740                                                                                                             
27 125 61430.00 P  0.057364 0.010358  0.380877 0.014452  P-0.1143539 0.0122402                                                                                                             
27 126 61431.00 P  0.057099 0.010398  0.382260 0.014524  P-0.1154413 0.0123063                                                                                                             
27 127 61432.00 P  0.056860 0.010439  0.383647 0.014596  P-0.1164682 0.0123723                                                                                                             
27 128 61433.00 P  0.056647 0.010480  0.385040 0.014668  P-0.1173221 0.0124382                                                                                                             
27 129 61434.00 P  0.056459 0.010521  0.386437 0.014740  P-0.1179437 0.0125040                                                                                                             
27 130 61435.00 P  0.056298 0.010561  0.387838 0.014812  P-0.1183247 0.0125696                                                                                                             
27 131 61436.00 P  0.056162 0.010601  0.389243 0.014883  P-0.1184924 0.0126352                                                                                                             
27 2 1 61437.00 P  0.056053 0.010642  0.390652 0.014954  P-0.1184968 0.0127006                                                                                                             
27 2 2 61438.00 P  0.055971 0.010682  0.392063 0.015026  P-0.1184016 0.0127659                                                                                                             
27 2 3 61439.00 P  0.055915 0.010722  0.393477 0.015097  P-0.1182795 0.0128311                                                                                                             
27 2 4 61440.00 P  0.055885 0.010762  0.394893 0.015168  P-0.1182058 0.0128962                                                                                                             
27 2 5 61441.00 P  0.055882 0.010801  0.396311 0.015239  P-0.1182492 0.0129612                                                                                                             
27 2 6 61442.00 P  0.055906 0.010841  0.397730 0.015309  P-0.1184623 0.0130260                                                                                                             
27 2 7 61443.00 P  0.055957 0.010881  0.399150 0.015380  P-0.1188722 0.0130908                                                                                                             
27 2 8 61444.00 P  0.056035 0.010920  0.400571 0.015450  P-0.1194764 0.0131554                                                                                                             
27 2 9 61445.00 P  0.056139 0.010959  0.401992 0.015521  P-0.1202417 0.0132199                                                                                                             
27 210 61446.00 P  0.056271 0.010999  0.403413 0.015591  P-0.1211075 0.0132844                                                                                                             
27 211 61447.00 P  0.056430 0.011038  0.404833 0.015661  P-0.1219952 0.0133487                                                                                                             
27 212 61448.00 P  0.056616 0.011077  0.406253 0.015731  P-0.1228185 0.0134129                                                                                                             
27 213 61449.00 P  0.056829 0.011116  0.407671 0.015801  P-0.1235005 0.0134770                                                                                                             
27 214 61450.00 P  0.057069 0.011155  0.409087 0.015871  P-0.1239928 0.0135410                                                                                                             
27 215 61451.00 P  0.057336 0.011193  0.410500 0.015940  P-0.1242936 0.0136050                                                                                                             
27 216 61452.00 P  0.057630 0.011232  0.411911 0.016010  P-0.1244598 0.0136688                                                                                                             
27 217 61453.00 P  0.057952 0.011270  0.413320 0.016079  P-0.1246016 0.0137325                                                                                                             
27 218 61454.00 P  0.058300 0.011309  0.414724 0.016148  P-0.1248583 0.0137961                                                                                                             
27 219 61455.00 P  0.058676 0.011347  0.416125 0.016218  P-0.1253550 0.0138596                                                                                                             
27 220 61456.00 P  0.059079 0.011385  0.417522 0.016287  P-0.1261567 0.0139230                                                                                                             
27 221 61457.00 P  0.059509 0.011423  0.418914 0.016356  P-0.1272412 0.0139863                                                                                                             
27 222 61458.00 P  0.059965 0.011461  0.420300 0.016424  P-0.1285041 0.0140495                                                                                                             
27 223 61459.00 P  0.060449 0.011499  0.421682 0.016493  P-0.1297970 0.0141127                                                                                                             
27 224 61460.00 P  0.060960 0.011537  0.423057 0.016562  P-0.1309766 0.0141757                                                                                                             
27 225 61461.00 P  0.061497 0.011575  0.424426 0.016630  P-0.1319458 0.0142386                                                                                                             
27 226 61462.00 P  0.062061 0.011613  0.425789 0.016699  P-0.1326683 0.0143014                                                                                                             
27 227 61463.00 P  0.062652 0.011650  0.427144 0.016767  P-0.1331605 0.0143642                                                                                                             
27 228 61464.00 P  0.063269 0.011688  0.428492 0.016835  P-0.1334726 0.0144268                                                                                                             
27 3 1 61465.00 P  0.063913 0.011725  0.429832 0.016903  P-0.1336727 0.0144894                                                                                                             
27 3 2 61466.00 P  0.064583 0.011762  0.431164 0.016971  P-0.1338366 0.0145519                                                                                                             
27 3 3 61467.00 P  0.065279 0.011800  0.432487 0.017039  P-0.1340426 0.0146142                                                                                                             
27 3 4 61468.00 P  0.066002 0.011837  0.433801 0.017106  P-0.1343649 0.0146765                                                                                                             
27 3 5 61469.00 P  0.066750 0.011874  0.435106 0.017174  P-0.1348647 0.0147387                                                                                                             
27 3 6 61470.00 P  0.067524 0.011911  0.436400 0.017242  P-0.1355810 0.0148008                                                                                                             
27 3 7 61471.00 P  0.068324 0.011948  0.437685 0.017309  P-0.1365219 0.0148629                                                                                                             
27 3 8 61472.00 P  0.069149 0.011984  0.438958 0.017376  P-0.1376605 0.0149248                                                                                                             
27 3 9 61473.00 P  0.070000 0.012021  0.440221 0.017444  P-0.1389340 0.0149867                                                                                                             
27 310 61474.00 P  0.070876 0.012058  0.441472 0.017511  P-0.1402490 0.0150484                                                                                                             
27 311 61475.00 P  0.071777 0.012094  0.442712 0.017578  P-0.1414946 0.0151101                                                                                                             
27 312 61476.00 P  0.072702 0.012131  0.443939 0.017645  P-0.1425652 0.0151717                                                                                                             
27 313 61477.00 P  0.073652 0.012167  0.445153 0.017711  P-0.1433865 0.0152332                                                                                                             
27 314 61478.00 P  0.074627 0.012203  0.446355 0.017778  P-0.1439394 0.0152946                                                                                                             
27 315 61479.00 P  0.075625 0.012239  0.447543 0.017845  P-0.1442709 0.0153560                                                                                                             
27 316 61480.00 P  0.076648 0.012275  0.448718 0.017911  P-0.1444867 0.0154172                                                                                                             
27 317 61481.00 P  0.077695 0.012311  0.449878 0.017978  P-0.1447259 0.0154784                                                                                                             
27 318 61482.00 P  0.078764 0.012347  0.451025 0.018044  P-0.1451240 0.0155395                                                                                                             
27 319 61483.00 P  0.079858 0.012383  0.452156 0.018110  P-0.1457745 0.0156005                                                                                                             
27 320 61484.00 P  0.080974 0.012419  0.453272 0.018176  P-0.1466998 0.0156614                                                                                                             
27 321 61485.00 P  0.082113 0.012455  0.454373 0.018242  P-0.1478416 0.0157223                                                                                                             
27 322 61486.00 P  0.083274 0.012490  0.455458 0.018308  P-0.1490774 0.0157831                                                                                                             
27 323 61487.00 P  0.084458 0.012526  0.456526 0.018374  P-0.1502578 0.0158438                                                                                                             
27 324 61488.00 P  0.085663 0.012561  0.457578 0.018440  P-0.1512511 0.0159044                                                                                                             
27 325 61489.00 P  0.086890 0.012597  0.458613 0.018506  P-0.1519752 0.0159649                                                                                                             
27 326 61490.00 P  0.088139 0.012632  0.459631 0.018571  P-0.1524091 0.0160254                                                                                                             
27 327 61491.00 P  0.089408 0.012667  0.460632 0.018637  P-0.1525854 0.0160858                                                                                                             
27 328 61492.00 P  0.090699 0.012703  0.461614 0.018702  P-0.1525715 0.0161461                                                                                                             
27 329 61493.00 P  0.092009 0.012738  0.462579 0.018768  P-0.1524525 0.0162063                                                                                                             
27 330 61494.00 P  0.093340 0.012773  0.463524 0.018833  P-0.1523173 0.0162665                                                                                                             
27 331 61495.00 P  0.094691 0.012808  0.464451 0.018898  P-0.1522483 0.0163265                                                                                                             
27 4 1 61496.00 P  0.096061 0.012843  0.465359 0.018963  P-0.1523123 0.0163866                                                                                                             
27 4 2 61497.00 P  0.097450 0.012877  0.466248 0.019028  P-0.1525499 0.0164465                                                                                                             
27 4 3 61498.00 P  0.098858 0.012912  0.467116 0.019093  P-0.1529720 0.0165063                                                                                                             
27 4 4 61499.00 P  0.100285 0.012947  0.467965 0.019158  P-0.1535633 0.0165661                                                                                                             
27 4 5 61500.00 P  0.101729 0.012982  0.468793 0.019222  P-0.1542827 0.0166258                                                                                                             
27 4 6 61501.00 P  0.103191 0.013016  0.469601 0.019287  P-0.1550593 0.0166855                                                                                                             
27 4 7 61502.00 P  0.104671 0.013051  0.470388 0.019352  P-0.1558019 0.0167451                                                                                                             
27 4 8 61503.00 P  0.106167 0.013085  0.471153 0.019416  P-0.1564273 0.0168046                                                                                                             
27 4 9 61504.00 P  0.107680 0.013119  0.471898 0.019480  P-0.1568791 0.0168640                                                                                                             
27 410 61505.00 P  0.109209 0.013154  0.472620 0.019545  P-0.1571360 0.0169233                                                                                                             
27 411 61506.00 P  0.110755 0.013188  0.473321 0.019609  P-0.1572305 0.0169826                                                                                                             
27 412 61507.00 P  0.112315 0.013222  0.473999 0.019673  P-0.1572367 0.0170419                                                                                                             
27 413 61508.00 P  0.113890 0.013256  0.474655 0.019737  P-0.1572801 0.0171010                                                                                                             
27 414 61509.00 P  0.115480 0.013290  0.475288 0.019801  P-0.1574746 0.0171601                                                                                                             
27 415 61510.00 P  0.117085 0.013324  0.475899 0.019865  P-0.1579294 0.0172191                                                                                                             
27 416 61511.00 P  0.118703 0.013358  0.476486 0.019929  P-0.1586667 0.0172780                                                                                                             
27 417 61512.00 P  0.120334 0.013392  0.477050 0.019992  P-0.1596364 0.0173369                                                                                                             
27 418 61513.00 P  0.121978 0.013425  0.477590 0.020056  P-0.1607868 0.0173957                                                                                                             
27 419 61514.00 P  0.123635 0.013459  0.478106 0.020120  P-0.1619711 0.0174545                                                                                                             
27 420 61515.00 P  0.125303 0.013493  0.478599 0.020183  P-0.1630403 0.0175131                                                                                                             
27 421 61516.00 P  0.126984 0.013526  0.479067 0.020247  P-0.1639613 0.0175718                                                                                                             
27 422 61517.00 P  0.128675 0.013560  0.479511 0.020310  P-0.1645839 0.0176303                                                                                                             
27 423 61518.00 P  0.130377 0.013593  0.479930 0.020373  P-0.1650316 0.0176888                                                                                                             
27 424 61519.00 P  0.132090 0.013626  0.480325 0.020436  P-0.1652282 0.0177472                                                                                                             
27 425 61520.00 P  0.133812 0.013660  0.480695 0.020500  P-0.1653730 0.0178055                                                                                                             
27 426 61521.00 P  0.135543 0.013693  0.481039 0.020563  P-0.1654169 0.0178638                                                                                                             
27 427 61522.00 P  0.137283 0.013726  0.481359 0.020626  P-0.1654754 0.0179220                                                                                                             
27 428 61523.00 P  0.139032 0.013759  0.481653 0.020688  P-0.1656025 0.0179802                                                                                                             
27 429 61524.00 P  0.140789 0.013792  0.481921 0.020751  P-0.1658977 0.0180383                                                                                                             
27 430 61525.00 P  0.142553 0.013825  0.482164 0.020814  P-0.1664349 0.0180963                                                                                                             
27 5 1 61526.00 P  0.144324 0.013858  0.482381 0.020877  P-0.1670663 0.0181543                                                                                                             
27 5 2 61527.00 P  0.146101 0.013891  0.482572 0.020939  P-0.1677994 0.0182122                                                                                                             
27 5 3 61528.00 P  0.147885 0.013924  0.482737 0.021002  P-0.1685667 0.0182700                                                                                                             
27 5 4 61529.00 P  0.149674 0.013957  0.482876 0.021064  P-0.1693260 0.0183278                                                                                                             
27 5 5 61530.00 P  0.151468 0.013989  0.482989 0.021127  P-0.1699501 0.0183855                                                                                                             
27 5 6 61531.00 P  0.153266 0.014022  0.483076 0.021189  P-0.1703551 0.0184432                                                                                                             
27 5 7 61532.00 P  0.155069 0.014055  0.483136 0.021251  P-0.1705530 0.0185008                                                                                                             
27 5 8 61533.00 P  0.156875 0.014087  0.483169 0.021313  P-0.1705592 0.0185583                                                                                                             
27 5 9 61534.00 P  0.158684 0.014120  0.483177 0.021375  P-0.1704151 0.0186158                                                                                                             
27 510 61535.00 P  0.160496 0.014152  0.483157 0.021437  P-0.1702929 0.0186732                                                                                                             
27 511 61536.00 P  0.162310 0.014185  0.483111 0.021499  P-0.1702254 0.0187306                                                                                                             
27 512 61537.00 P  0.164125 0.014217  0.483038 0.021561  P-0.1703609 0.0187879                                                                                                             
27 513 61538.00 P  0.165941 0.014249  0.482938 0.021623  P-0.1707822 0.0188451                                                                                                             
27 514 61539.00 P  0.167758 0.014281  0.482812 0.021685  P-0.1714125 0.0189023                                                                                                             
27 515 61540.00 P  0.169575 0.014313  0.482659 0.021746  P-0.1722041 0.0189594                                                                                                             
27 516 61541.00 P  0.171391 0.014346  0.482479 0.021808  P-0.1730308 0.0190165                                                                                                             
27 517 61542.00 P  0.173206 0.014378  0.482272 0.021870  P-0.1738170 0.0190735                                                                                                             
27 518 61543.00 P  0.175020 0.014410  0.482038 0.021931  P-0.1743936 0.0191305                                                                                                             
27 519 61544.00 P  0.176832 0.014442  0.481777 0.021993  P-0.1747474 0.0191874                                                                                                             
27 520 61545.00 P  0.178641 0.014473  0.481490 0.022054  P-0.1748003 0.0192442                                                                                                             
27 521 61546.00 P  0.180447 0.014505  0.481176 0.022115  P-0.1746384 0.0193010                                                                                                             
27 522 61547.00 P  0.182249 0.014537  0.480835 0.022176  P-0.1743525 0.0193577                                                                                                             
27 523 61548.00 P  0.184048 0.014569  0.480467 0.022237  P-0.1739653 0.0194144                                                                                                             
27 524 61549.00 P  0.185842 0.014600  0.480073 0.022299  P-0.1735100 0.0194710                                                                                                             
27 525 61550.00 P  0.187630 0.014632  0.479652 0.022360  P-0.1730599 0.0195276                                                                                                             
27 526 61551.00 P  0.189413 0.014664  0.479205 0.022421  P-0.1727155 0.0195841                                                                                                             
27 527 61552.00 P  0.191190 0.014695  0.478730 0.022481  P-0.1725701 0.0196405                                                                                                             
27 528 61553.00 P  0.192961 0.014727  0.478230 0.022542  P-0.1725895 0.0196969                                                                                                             
27 529 61554.00 P  0.194724 0.014758  0.477703 0.022603  P-0.1727371 0.0197532                                                                                                             
27 530 61555.00 P  0.196479 0.014789  0.477150 0.022664  P-0.1730007 0.0198095                                                                                                             
27 531 61556.00 P  0.198227 0.014821  0.476571 0.022724  P-0.1732113 0.0198658                                                                                                             
27 6 1 61557.00 P  0.199965 0.014852  0.475966 0.022785  P-0.1733673 0.0199219                                                                                                             
27 6 2 61558.00 P  0.201695 0.014883  0.475334 0.022845  P-0.1733176 0.0199781                                                                                                             
27 6 3 61559.00 P  0.203415 0.014914  0.474677 0.022906  P-0.1730656 0.0200341                                                                                                             
27 6 4 61560.00 P  0.205125 0.014945  0.473995 0.022966  P-0.1726181 0.0200902                                                                                                             
27 6 5 61561.00 P  0.206824 0.014976  0.473286 0.023027  P-0.1719293 0.0201461                                                                                                             
27 6 6 61562.00 P  0.208511 0.015007  0.472553 0.023087  P-0.1712405 0.0202021                                                                                                             
27 6 7 61563.00 P  0.210188 0.015038  0.471794 0.023147  P-0.1706066 0.0202579                                                                                                             
27 6 8 61564.00 P  0.211852 0.015069  0.471010 0.023207  P-0.1701249 0.0203137                                                                                                             
27 6 9 61565.00 P  0.213503 0.015100  0.470201 0.023267  P-0.1698921 0.0203695                                                                                                             
27 610 61566.00 P  0.215141 0.015131  0.469367 0.023327  P-0.1698539 0.0204252                                                                                                             
27 611 61567.00 P  0.216766 0.015162  0.468509 0.023387  P-0.1699179 0.0204809                                                                                                             
27 612 61568.00 P  0.218377 0.015193  0.467626 0.023447  P-0.1700405 0.0205365                                                                                                             
27 613 61569.00 P  0.219973 0.015223  0.466719 0.023507  P-0.1701412 0.0205920                                                                                                             
27 614 61570.00 P  0.221554 0.015254  0.465788 0.023567  P-0.1701259 0.0206475                                                                                                             
27 615 61571.00 P  0.223119 0.015285  0.464834 0.023626  P-0.1698599 0.0207030                                                                                                             
27 616 61572.00 P  0.224669 0.015315  0.463856 0.023686  P-0.1693056 0.0207584                                                                                                             
27 617 61573.00 P  0.226202 0.015346  0.462854 0.023746  P-0.1685366 0.0208138                                                                                                             
27 618 61574.00 P  0.227718 0.015376  0.461829 0.023805  P-0.1676516 0.0208691                                                                                                             
27 619 61575.00 P  0.229217 0.015406  0.460782 0.023865  P-0.1667122 0.0209243                                                                                                             
27 620 61576.00 P  0.230698 0.015437  0.459712 0.023924  P-0.1658276 0.0209795                                                                                                             
27 621 61577.00 P  0.232160 0.015467  0.458620 0.023983  P-0.1649578 0.0210347                                                                                                             
27 622 61578.00 P  0.233604 0.015497  0.457505 0.024043  P-0.1642599 0.0210898                                                                                                             
27 623 61579.00 P  0.235029 0.015528  0.456369 0.024102  P-0.1637108 0.0211449                                                                                                             
27 624 61580.00 P  0.236435 0.015558  0.455211 0.024161  P-0.1633549 0.0211999                                                                                                             
27 625 61581.00 P  0.237820 0.015588  0.454032 0.024220  P-0.1631710 0.0212548                                                                                                             
27 626 61582.00 P  0.239185 0.015618  0.452831 0.024279  P-0.1630787 0.0213098                                                                                                             
27 627 61583.00 P  0.240529 0.015648  0.451610 0.024338  P-0.1630161 0.0213646                                                                                                             
27 628 61584.00 P  0.241852 0.015678  0.450369 0.024397  P-0.1628455 0.0214195                                                                                                             
27 629 61585.00 P  0.243153 0.015708  0.449108 0.024456  P-0.1625396 0.0214742                                                                                                             
27 630 61586.00 P  0.244432 0.015738  0.447827 0.024515  P-0.1620212 0.0215290                                                                                                             
27 7 1 61587.00 P  0.245689 0.015768  0.446526 0.024574  P-0.1613037 0.0215837                                                                                                             
27 7 2 61588.00 P  0.246923 0.015798  0.445206 0.024633  P-0.1603848 0.0216383                                                                                                             
27 7 3 61589.00 P  0.248134 0.015827  0.443868 0.024691  P-0.1593244 0.0216929                                                                                                             
27 7 4 61590.00 P  0.249321 0.015857  0.442511 0.024750  P-0.1582734 0.0217474                                                                                                             
27 7 5 61591.00 P  0.250484 0.015887  0.441135 0.024809  P-0.1573113 0.0218019                                                                                                             
27 7 6 61592.00 P  0.251622 0.015917  0.439743 0.024867  P-0.1566420 0.0218564                                                                                                             
27 7 7 61593.00 P  0.252736 0.015946  0.438332 0.024926  P-0.1562730 0.0219108                                                                                                             
27 7 8 61594.00 P  0.253825 0.015976  0.436905 0.024984  P-0.1561591 0.0219652                                                                                                             
27 7 9 61595.00 P  0.254889 0.016005  0.435461 0.025043  P-0.1561469 0.0220195                                                                                                             
27 710 61596.00 P  0.255926 0.016035  0.434000 0.025101  P-0.1559755 0.0220738                                                                                                             
27 711 61597.00 P  0.256938 0.016064  0.432524 0.025159  P-0.1556040 0.0221280                                                                                                             
27 712 61598.00 P  0.257923 0.016094  0.431032 0.025217  P-0.1550771 0.0221822                                                                                                             
27 713 61599.00 P  0.258882 0.016123  0.429525 0.025276  P-0.1542617 0.0222363                                                                                                             
27 714 61600.00 P  0.259813 0.016152  0.428003 0.025334  P-0.1531954 0.0222904                                                                                                             
27 715 61601.00 P  0.260717 0.016182  0.426466 0.025392  P-0.1519467 0.0223444                                                                                                             
27 716 61602.00 P  0.261594 0.016211  0.424916 0.025450  P-0.1506265 0.0223985                                                                                                             
27 717 61603.00 P  0.262442 0.016240  0.423352 0.025508  P-0.1492331 0.0224524                                                                                                             
27 718 61604.00 P  0.263263 0.016269  0.421775 0.025566  P-0.1478928 0.0225063                                                                                                             
27 719 61605.00 P  0.264055 0.016299  0.420185 0.025623  P-0.1466900 0.0225602                                                                                                             
27 720 61606.00 P  0.264818 0.016328  0.418583 0.025681  P-0.1456254 0.0226140                                                                                                             
27 721 61607.00 P  0.265552 0.016357  0.416969 0.025739  P-0.1447042 0.0226678                                                                                                             
27 722 61608.00 P  0.266256 0.016386  0.415343 0.025797  P-0.1440038 0.0227216                                                                                                             
27 723 61609.00 P  0.266931 0.016415  0.413707 0.025854  P-0.1434890 0.0227753                                                                                                             
27 724 61610.00 P  0.267577 0.016444  0.412060 0.025912  P-0.1430121 0.0228290                                                                                                             
27 725 61611.00 P  0.268192 0.016473  0.410402 0.025970  P-0.1425405 0.0228826                                                                                                             
27 726 61612.00 P  0.268777 0.016502  0.408735 0.026027  P-0.1419323 0.0229362                                                                                                             
27 727 61613.00 P  0.269332 0.016530  0.407059 0.026085  P-0.1411376 0.0229897                                                                                                             
27 728 61614.00 P  0.269856 0.016559  0.405373 0.026142  P-0.1401887 0.0230432                                                                                                             
27 729 61615.00 P  0.270350 0.016588  0.403680 0.026199  P-0.1391109 0.0230966                                                                                                             
27 730 61616.00 P  0.270812 0.016617  0.401978 0.026257  P-0.1378438 0.0231500                                                                                                             
27 731 61617.00 P  0.271243 0.016645  0.400269 0.026314  P-0.1366551 0.0232034                                                                                                             
27 8 1 61618.00 P  0.271643 0.016674  0.398553 0.026371  P-0.1354480 0.0232567                                                                                                             
27 8 2 61619.00 P  0.272011 0.016703  0.396830 0.026428  P-0.1343975 0.0233100                                                                                                             
27 8 3 61620.00 P  0.272347 0.016731  0.395102 0.026485  P-0.1336285 0.0233633                                                                                                             
27 8 4 61621.00 P  0.272652 0.016760  0.393367 0.026542  P-0.1331116 0.0234165                                                                                                             
27 8 5 61622.00 P  0.272925 0.016788  0.391628 0.026599  P-0.1326914 0.0234697                                                                                                             
27 8 6 61623.00 P  0.273165 0.016817  0.389884 0.026656  P-0.1322324 0.0235228                                                                                                             
27 8 7 61624.00 P  0.273374 0.016845  0.388136 0.026713  P-0.1315681 0.0235759                                                                                                             
27 8 8 61625.00 P  0.273550 0.016873  0.386384 0.026770  P-0.1306131 0.0236289                                                                                                             
27 8 9 61626.00 P  0.273693 0.016902  0.384629 0.026827  P-0.1293632 0.0236819                                                                                                             
27 810 61627.00 P  0.273804 0.016930  0.382871 0.026884  P-0.1279146 0.0237349                                                                                                             
27 811 61628.00 P  0.273883 0.016958  0.381111 0.026941  P-0.1263026 0.0237878                                                                                                             
27 812 61629.00 P  0.273929 0.016987  0.379349 0.026997  P-0.1246248 0.0238407                                                                                                             
27 813 61630.00 P  0.273942 0.017015  0.377586 0.027054  P-0.1229274 0.0238935                                                                                                             
27 814 61631.00 P  0.273922 0.017043  0.375822 0.027111  P-0.1213299 0.0239463                                                                                                             
27 815 61632.00 P  0.273870 0.017071  0.374058 0.027167  P-0.1198577 0.0239991                                                                                                             
27 816 61633.00 P  0.273784 0.017099  0.372294 0.027224  P-0.1184963 0.0240518                                                                                                             
27 817 61634.00 P  0.273666 0.017127  0.370530 0.027280  P-0.1173365 0.0241045                                                                                                             
27 818 61635.00 P  0.273515 0.017155  0.368768 0.027336  P-0.1164347 0.0241572                                                                                                             
27 819 61636.00 P  0.273331 0.017183  0.367008 0.027393  P-0.1157633 0.0242098                                                                                                             
27 820 61637.00 P  0.273114 0.017211  0.365250 0.027449  P-0.1151978 0.0242624                                                                                                             
27 821 61638.00 P  0.272864 0.017239  0.363494 0.027505  P-0.1147381 0.0243149                                                                                                             
27 822 61639.00 P  0.272581 0.017267  0.361742 0.027562  P-0.1142748 0.0243674                                                                                                             
27 823 61640.00 P  0.272266 0.017295  0.359993 0.027618  P-0.1135824 0.0244199                                                                                                             
27 824 61641.00 P  0.271917 0.017323  0.358249 0.027674  P-0.1127702 0.0244723                                                                                                             
27 825 61642.00 P  0.271536 0.017351  0.356509 0.027730  P-0.1118400 0.0245247                                                                                                             
27 826 61643.00 P  0.271122 0.017378  0.354774 0.027786  P-0.1107923 0.0245770                                                                                                             
27 827 61644.00 P  0.270675 0.017406  0.353045 0.027842  P-0.1098166 0.0246293                                                                                                             
27 828 61645.00 P  0.270196 0.017434  0.351322 0.027898  P-0.1088443 0.0246816                                                                                                             
27 829 61646.00 P  0.269685 0.017462  0.349605 0.027954  P-0.1080617 0.0247338                                                                                                             
27 830 61647.00 P  0.269141 0.017489  0.347896 0.028010  P-0.1076096 0.0247860                                                                                                             
27 831 61648.00 P  0.268564 0.017517  0.346194 0.028066  P-0.1075124 0.0248382                                                                                                             
27 9 1 61649.00 P  0.267956 0.017544  0.344501 0.028122  P-0.1077419 0.0248903                                                                                                             
27 9 2 61650.00 P  0.267315 0.017572  0.342816 0.028177  P-0.1081104 0.0249424                                                                                                             
27 9 3 61651.00 P  0.266643 0.017599  0.341140 0.028233  P-0.1083847 0.0249945                                                                                                             
27 9 4 61652.00 P  0.265939 0.017627  0.339473 0.028289  P-0.1085028 0.0250465                                                                                                             
27 9 5 61653.00 P  0.265203 0.017654  0.337817 0.028344  P-0.1083152 0.0250985                                                                                                             
27 9 6 61654.00 P  0.264435 0.017682  0.336171 0.028400  P-0.1078918 0.0251504                                                                                                             
27 9 7 61655.00 P  0.263637 0.017709  0.334536 0.028456  P-0.1072651 0.0252023                                                                                                             
27 9 8 61656.00 P  0.262807 0.017736  0.332912 0.028511  P-0.1065308 0.0252542                                                                                                             
27 9 9 61657.00 P  0.261946 0.017764  0.331300 0.028567  P-0.1057712 0.0253060                                                                                                             
27 910 61658.00 P  0.261055 0.017791  0.329701 0.028622  P-0.1051270 0.0253578                                                                                                             
27 911 61659.00 P  0.260133 0.017818  0.328115 0.028677  P-0.1044597 0.0254096                                                                                                             
